Genesis 3,

4, 9.10 1,26‚ 29 sqq. 3, 6 1, 1, 2
6, 2 1, 3, 2 sqq. Siraeides
Exodos20, 3-5 1, 2, 2--4 7, 39 2, 30
32, 6 - 2, 17, 8 20‚29(31) 1, 31, 1-3
Deuteronomium · 22, 13 2, 32, 4
4, 19 1, 8, 7 34, 23 2, 24, 4
17, 13 1, 8, 7· 38,16-18 2, 32, 3
28, 66 1, 40, 98qq. Esaias· 3, 16 2, 19, 5
Tobiae 2, 5 2, 17, 1 6, 10 1, 38, 3
Psalmi 7, 10 2, 18, 9 8, 14 1, 40, 6
49, 21 2, 2, 5 14, 16.17 1, 41, 1. 2
57, 5 2, 9, 19 26, 19 1, 2, 11 sqq.
131, 17 2, 26, 9 42, 14 2, 2, 5
Prouerbia 45,20(21) 1, 22, 14
14, ’2ο 2, 30, 7 58, 17 2, 30, 11
15, 1 2, 31, 8 66, 16 2, 2, 9
19, 17 2, 37, 6 Hieremias
25, 15 2, 31, 8 17, 10 2, 18, 9
25, 21 2, 20, 14 3Esdra 6, 5 1, 1, 2
Testamentum nouum.
Mattheus Lucas 6, 41 2, 25, 5
7, 3 2, 25, 5 12, 20 2, 23, 11
15, 4 1, 37, 34 23, 30 2, 4, 13
15, 32 1, 1, 7 Iohannes
21, 19 2, 15, 10 2, 16 2, 35, 12
25, 35 2, 20, 23 3, 3.4 2, 10, 6. 7

19

Ι.

INDEX SORIPTORUM..

Testamentum uetus.
2, 17, 1

Sapientia Salomonis

